贪婪算法：
Start....
路:0-->8-->37-->30-->43-->17-->6-->27-->35-->29-->5-->36-->18-->26-->42-->16-->45-->32-->14-->11-->10-->22-->13-->24-->12-->20-->46-->19-->39-->2-->21-->15-->40-->33-->28-->4-->47-->38-->31-->23-->9-->41-->25-->3-->34-->44-->1-->7-->0
总距离为:12842
it costs : 4357208 nanoseconds.

Process finished with exit code 0

蚁群算法：
Start....
The optimal length is: 12223
The optimal tour is: 
16,42,26,18,36,5,29,27,6,17,43,30,37,8,0,7,21,15,2,22,10,11,14,32,19,46,20,12,24,13,33,40,28,4,47,38,31,23,9,34,44,3,25,41,1,39,45,35,16,
it costs : 1907162471 nanoseconds.

Process finished with exit code 0

遗传算法：
---------------------Start initilization---------------------
9,37,27,12,33,45,23,19,31,42,15,39,34,4,13,10,26,20,30,47,41,17,36,43,3,35,6,29,21,25,18,11,7,24,22,8,16,32,0,14,2,44,1,46,40,5,38,28,
Its fitness measure is: 6.287212438621089E-6
18,25,24,8,10,17,13,20,9,41,35,36,16,14,23,21,47,6,37,0,2,1,44,22,15,39,43,45,46,12,3,4,32,11,27,5,33,38,31,26,28,34,40,19,29,42,30,7,
Its fitness measure is: 7.722067351871444E-6
---------------------End initilization---------------------
---------------------Start evolution---------------------
-----------Start generation 0----------
The average fitness in 0 generation is: 7.004639895246267E-6, and the best fitness is: 7.722067351871444E-6
-----------End generation 0----------
---------------------End evolution---------------------
The best fitness is: 7.722067351871444E-6
The best tour length is: 129498
The best tour is: 
18,25,24,8,10,17,13,20,9,41,35,36,16,14,23,21,47,6,37,0,2,1,44,22,15,39,43,45,46,12,3,4,32,11,27,5,33,38,31,26,28,34,40,19,29,42,30,7,

it costs : 10228502 nanoseconds.

Process finished with exit code 0

爬山算法：
Start....
最佳长度出现代数：
3298
最佳长度
14281
最佳路径：
17,43,30,37,8,7,0,21,39,14,11,
36,18,26,16,42,10,22,33,28,41,
9,23,31,38,2,15,40,1,25,3,
34,44,47,4,24,13,12,20,46,19,
32,45,29,5,27,35,6,
it costs : 15949051 nanoseconds.

Process finished with exit code 0

模拟退火算法：
Start....
48,40,400,0.98,250.0
最佳长度出现代数：
232
最佳长度
12917
最佳路径：
32,19,46,12,20,31,23,44,34,9,38,
24,13,2,0,7,8,37,30,43,6,
27,29,42,16,26,18,36,5,35,17,
11,10,22,28,1,3,25,41,47,4,
33,40,15,21,39,14,45,
it costs : 23721596 nanoseconds.

Process finished with exit code 0


